0.5477128
0.6748965
0.9793356
0.7705029
0.7866892
0.9851848
0.8630955
0.4947563
0.9602528
0.8510459
0.7816546
0.5496221
0.8701212
0.9040333
0.5833324
0.3332297
0.6791835
0.3504774
0.4768552
0.9225994
0.793085
0.9623831
0.8562868
0.6515546
0.9295016
0.927509
0.9205551
0.9021404
0.8802587
0.7310189
0.6475496
0.6195095
0.4914196
0.6826921
0.9590575
0.610865
0.585782
0.9151109
0.7242281
0.818175
0.7413614
0.7369537
0.9697541
0.6764484
0.9774611
0.8855462
0.7852273
0.8090636
0.8466293
0.5714604
0.3535656
0.8299123
0.8606133
0.7655237
0.9325943
0.9931823
0.5760158
0.9414362
0.4852523
0.4942655
0.9433944
0.6553189
0.8003309
0.7061543
0.7517207
0.8478177
0.6232637
0.8953243
0.6783038
0.8362674
0.9500031
0.8580332
0.640143
0.9544194
0.9402015
0.8792883
0.8146574
0.5196498
0.5312163
0.9951674
0.9781934
0.6729455
0.8190273
0.6690426
0.6320367
0.381674
0.7362857
0.4528866
0.6196032
0.8894469
0.7330076
0.8740933
0.8293699
0.7802858
0.5142693
0.7835487
0.5762065
0.6656839
0.9888914
0.5095306
0.8138438
0.7726006
0.3773477
0.7280586
0.8612601
0.7621341
0.6032261
0.9529714
0.1889421
0.9096041
0.9904461
0.9040966
0.6634922
0.5598462
0.9020318
0.9939751
0.9161494
0.9136346
0.8363606
0.3578162
0.712564
0.6569122
0.8818405
0.6225844
0.9385004
0.6217656
0.9459889
0.2578806
0.9998014
0.6054296
0.8287
0.894085
0.5789305
0.8736292
0.6800907
0.769027
0.7396684
0.9943878
0.4715388
0.761136
0.8583006
0.5890817
0.3350728
0.9630348
0.6312411
0.41834
0.6727405
0.6864142
0.9511459
0.7744965
0.9115762
0.8086921
0.6406074
0.7772319
0.4055831
0.2394162
0.992248
0.888246
0.261186
0.5266628
0.9953078
0.9663098
0.6624312
0.8783682
0.6064116
0.5819503
0.4513013
0.533567
0.9829801
0.7334865
0.7839818
0.8158579
0.9608639
0.5658919
0.9838625
0.4793414
0.2488444
0.5421369
0.8910893
0.9511396
0.9049506
0.6259322
0.7674512
0.4872128
0.9282785
0.3548075
0.9914309
0.7220051
0.8087153
0.4727391
0.541965
0.6913121
0.8547752
0.8346027
0.45433
0.5715108
0.976506
0.6926356
0.9902946
0.7185752
0.504115
0.8677955
0.6213746
0.5471352
0.6334031
0.7760993
0.9809815
0.7225673
0.9485727
0.8931545
0.7144636
0.563837
0.576483
0.7638434
0.9655202
0.9963327
0.9788548
0.7080563
0.6163158
0.7757412
0.9234974
0.9369825
0.9240685
0.5937623
0.7986608
0.7716425
0.8566292
0.7573102
0.9091164
0.8479744
0.6622487
0.7836836
0.7879616
0.8103203
0.9826107
0.678807
0.7969194
0.955999
0.9461266
0.9541286
0.5406897
0.9923458
0.769426
0.9894621
0.7562259
0.962109
0.482678
0.4666837
0.5974706
0.8361336
0.808079
0.9611667
0.9929705
0.9119527
0.6303357
0.9043531
0.7170549
0.2584398
0.9841643
0.9313682
0.8143412
0.9598132
0.897898
0.5631062
0.9014041
0.7313609
0.8935083
0.9677629
0.7521749
0.9426096
0.479965
0.9775871
0.846153
0.6851678
0.9260326
0.7182815
0.8920962
0.9837003
0.7663858
0.7341246
0.7785416
0.5430155
0.3722244
0.6923439
0.9423516
0.601353
0.7832749
0.4065031
0.8367373
0.8532372
0.7399852
0.9983064
0.6836016
0.8963973
0.823024
0.9433069
0.9200541
0.6820394
0.8463181
0.3843023
0.588019
0.9973765
0.5868452
0.9210381
0.5357038
0.3626636
0.7907383
0.7456947
0.7601954
0.8026082
0.7986411
0.3384856
0.8660241
0.9703339
0.8621852
0.305855
0.5980666
0.839421
0.9282315
0.4337763
0.9768767
0.4574972
0.9235863
0.2576849
0.6293913
0.7273472
0.2927994
0.7412712
0.89942
0.6312019
0.9119018
0.5566148
0.8118645
0.8690698
0.8967205
0.7114965
0.6066702
0.7211638
0.8570542
0.8769796
0.5498537
0.9871519
0.8259781
0.7858905
0.9636577
0.4813034
0.5922659
0.9972332
0.7533151
0.9823392
0.6887086
0.8463723
0.8291149
0.3589603
0.7557182
0.329307
0.9056983
0.9489303
0.9610961
0.8618989
0.6854762
0.5124129
0.7962071
0.8587571
0.9281199
0.9732033
0.9454158
0.8580546
0.9060585
0.9320224
0.9511767
0.8126794
0.6515229
0.9267748
0.6316859
0.8739287
0.6155817
0.959211
0.9097384
0.9854802
0.7689875
0.9524373
0.9918319
0.6565171
0.2350863
0.6716519
0.6805584
0.79264
0.9850951
0.8452226
0.6757752
0.7560691
0.8323014
0.9673093
0.7845427
0.9057186
0.9149624
0.9317513
0.5419626
0.9820867
0.6193231
0.7170183
0.9717745
0.9651193
0.3241904
0.4151066
0.222794
0.8004702
0.7960822
0.8433229
0.87995
0.5305352
0.9435125
0.9111607
0.7204543
0.4053337
0.7922292
0.7255523
0.7197388
0.8091159
0.9280212
0.806485
0.5244581
0.4743322
0.7085019
0.8313875
0.6908386
0.9374837
0.7162082
0.4898406
0.6585278
0.8795784
0.9611667
0.7893108
0.8530009
0.5485448
0.8890188
0.5698381
0.7863414
0.991237
0.9178869
0.9557494
0.8421909
0.5277531
0.6846623
0.659505
0.5849665
0.9044479
0.2816417
0.9261033
0.9258364
0.2811565
0.8945502
0.9974724
0.5490562
0.923484
0.9512143
0.8173369
0.9830168
0.7343377
0.5614709
0.6863834
0.5189475
0.4319048
0.8845456
0.3251698
0.9759275
0.7790238
0.876548
0.8859049
0.6491028
0.7730327
0.9368483
0.4542429
0.8337291
0.5944639
0.9698362
0.8998113
0.7709708
0.757728
0.6436826
0.7181317
0.2877619
0.8702717
0.6762898
0.8470064
0.4534818
0.8852713
0.86388
0.9229425
0.6549279
0.8712873
0.7100369
0.9570075
0.9892925
0.7417284
0.7398948
0.1719814
0.9165007
0.5075074
